6.6e-06 6.8e-06 5.4e-06 1.45e-05 1.12e-05 9.1e-06 8.7e-06 7.6e-06 7.9e-06 2.42e-05 
3.3e-05 3.63e-05 1.84e-05 2.25e-05 2.55e-05 4.36e-05 3.01e-05 2.84e-05 3.1e-05 3.23e-05 
3.11e-05 3.07e-05 4.32e-05 5.83e-05 4.46e-05 4.46e-05 4.58e-05 4.51e-05 6.1e-05 6.21e-05 
5.93e-05 6.24e-05 5.31e-05 7.46e-05 7.49e-05 6.97e-05 8.96e-05 9.09e-05 0.0001189 0.0001917 
0.0001098 0.0001405 0.00022 0.0001885 0.0001206 0.0001609 0.0001603 0.0001616 0.0001395 0.0002132 
0.0002185 0.0002154 0.0001842 0.000233 0.0003097 0.0002323 0.000203 0.0002514 0.0002418 0.0002951 
0.0002593 0.0003097 0.0003068 0.0003069 0.0002465 0.0003499 0.0003483 0.0003426 0.0004158 0.0004201 
0.0004294 0.0004167 0.000436 0.0004254 0.0004838 0.0004815 0.0004971 0.0005574 0.0005414 0.0005461 
0.0005622 0.0005579 0.00092 0.0006122 0.0006773 0.0006817 0.0006782 0.0006856 0.0007594 0.0007401 
0.0007948 0.0007951 0.0008236 0.0008057 0.00086 0.0009087 0.0012115 0.0009296 0.0010116 0.0009889 
